3.847023724564460623e-02
4.586181428539313210e-01
6.485165598729064618e-01
1.269728480925596537e-01
1.515582113951032504e-02
3.052272107209510772e-03
4.909347258829244914e-15
5.881722691107266199e-01
1.437158667045897731e-01
2.221437300205107018e-03
4.825235030461005013e-03
1.530221444505168171e-01
4.410434356262004892e-04
2.507951578743062293e-01
6.871210149707294357e-06
5.985652172788944597e-02
1.561910766185528043e-01
6.519506697087362745e-01
2.461539570642015118e-01
3.054997756098326231e-02
1.039273186291723994e-02
4.176900749592839246e-02
6.210880032495416092e-01
5.630850877019294431e-01
9.785563364494086203e-02
1.862427798954129077e-01
9.089878452428723195e-04
2.953370124563944529e-02
2.773450770660681672e-02
1.667504026130313954e-01
2.350720229298281297e-02
2.060245444910451251e-01
5.140496735528771177e-02
1.509710413653081729e-01
7.692797356350281057e-02
3.506078998286222270e-01
5.036792528327363461e-02
9.633268147294772321e-01
3.854230655163838337e-01
9.807505629590031193e-02
1.784282111595655862e-01
9.371051879102079152e-01
2.315012776054728993e-01
1.135661930608833914e-01
1.191976861888008807e-06
5.941055646764498849e-02
4.426530144107581610e-01
7.138186779963896778e-02
6.138028084876747531e-02
6.344876439933636592e-01
8.145975723731943008e-01
5.227970612519985405e-01
6.070236453599927584e-01
9.139567220113276047e-01
7.768343758969702417e-01
9.938622845733317002e-01
5.969980577429058188e-01
5.604222511841704391e-01
8.856354197998230759e-01
9.127348867817547395e-01
9.616746502781312600e-01
8.744716876055911303e-01
3.452494415354957491e-01
9.902068678996915896e-01
9.349750830406546864e-01
9.729050662057869836e-01
9.460575050311040846e-01
7.606314139881398262e-01
8.000558167860755132e-01
9.410787813010044189e-01
9.953075884702342613e-01
6.920281683081492830e-01
9.081418265093971209e-01
8.714818190728793601e-01
9.475942470223712721e-01
9.375424731197006256e-01
9.908185412779371148e-01
9.263747636071610891e-01
9.895570191815976635e-01
6.040183144683954897e-01
3.051399884504772952e-01
9.946710424822887697e-01
9.009613362722922458e-01
9.867441368237225285e-01
9.012301276875319678e-01
9.656321404095663530e-01
9.693302021129858170e-01
9.135680378546326974e-01
9.356113024874174178e-01
8.652346337417952116e-01
5.955460078088170572e-01
8.233140875810891490e-01
7.916148187307060491e-01
8.243916471427352732e-01
9.214254091554980874e-01
9.422209250135736847e-01
9.649026350028629961e-01
9.255632972428577965e-01
9.461846561210353057e-01
8.293872866124599730e-01
