1.345261018606074954e-03
2.809525852807130963e-01
3.191758482044645961e-02
2.334369858953810536e-02
7.163057820946634041e-03
1.008327040021766569e-01
2.218959904519064372e-02
1.790954556504354735e-03
2.410848377803959455e-02
5.553494668204122381e-02
1.070115241975548928e-03
1.035103648725125697e-01
1.586099342664350556e-02
8.475854782878490881e-03
3.900595463550825411e-04
5.536190810645962301e-01
2.309648971230007786e-01
1.434390480918458879e-04
3.232767431413084702e-02
2.743299401438941201e-02
4.316281919368748082e-02
7.125340333806864717e-04
4.442498786903499412e-03
1.166470527369554283e-02
1.968294486068177251e-01
2.117654527942099130e-01
3.084605086318472633e-01
4.996352672026273534e-01
8.838479857912917570e-02
1.806159738101923568e-02
5.817443891608530676e-02
9.322244481141702677e-01
9.088465402390847325e-01
1.184552661931454892e-01
2.211412083149046776e-02
1.863738778993882187e-03
9.106357404182531881e-03
5.948833111052855005e-03
7.974686856481848912e-03
1.828373357752417216e-01
2.899327587866271441e-02
1.527045938783251318e-03
8.218927310945627063e-02
5.864564338809914734e-02
3.938580547509965002e-03
2.705464203533888279e-01
1.777602042774637792e-01
1.380299997171546486e-02
2.354079522815639384e-04
1.829586177426322999e-02
9.849039847561157357e-01
9.892535599316478745e-01
9.967745810240553617e-01
5.915429727123037162e-01
7.369979919947994285e-01
4.911358668634464020e-01
6.550490414512127879e-02
5.648508785963787249e-01
9.937047096725366568e-01
9.990880164674728059e-01
7.680310066132604030e-01
9.985995496920915260e-01
9.458781673637176590e-01
8.735717244294604056e-01
2.200671162999895680e-01
9.946606101594505089e-01
9.215890447583153788e-01
9.977110308239248715e-01
9.945679489669071449e-01
4.131849858129558739e-01
9.898966098267091285e-01
9.967219161214702083e-01
9.998249371625789195e-01
9.881765113239272535e-01
7.612642316321778235e-01
7.598659282980514407e-01
9.959116403489887137e-01
9.904456888639011636e-01
9.608702972441264256e-01
9.297029113399568612e-01
2.295480358749366345e-01
9.664733397141838100e-01
6.908506232179336681e-01
8.981950981439298376e-01
9.992210500280838126e-01
9.942491947615279546e-01
9.442409806595571942e-01
9.945723991740106351e-01
9.905588901508275423e-01
7.281471308049177749e-01
9.398187477668866752e-01
9.429751568374852289e-01
4.354567969794373439e-01
9.994614705987161507e-01
9.435173125299967101e-01
8.902726175446858958e-01
9.869587545513986981e-01
9.954498464177438111e-01
9.996325110530533964e-01
9.369800885471963880e-01
